VGA Intrinsics left: {width: [640], height: [480], fx: [387.33624267578125000], fy: [387.85638427734375000], cx: [323.72528076171875000], cy: [238.77265930175781250], coeffs: [0.14556121826171875, -0.14652252197265625, 0.00015258789062500, 0.00084304809570312, 0.00000000000000000], p: [500.00000000000000000, 0.00000000000000000, 316.96057128906250000, 0.00000000000000000, 0.00000000000000000, 500.00000000000000000, 249.08679199218750000, 0.00000000000000000, 0.00000000000000000, 0.00000000000000000, 1.00000000000000000, 0.00000000000000000], r: [0.99990153312683105, -0.00256788730621338, 0.01379215717315674, 0.00257873535156250, 0.99999630451202393, -0.00077581405639648, -0.01379013061523438, 0.00081133842468262, 0.99990451335906982]}
VGA Intrinsics right: {width: [640], height: [480], fx: [386.30471801757812500], fy: [386.80294799804687500], cx: [320.74398803710937500], cy: [255.75837707519531250], coeffs: [0.14471435546875000, -0.14352035522460938, -0.00017929077148438, -0.00040435791015625, 0.00000000000000000], p: [500.00000000000000000, 0.00000000000000000, 316.96057128906250000, -20863.60937500000000000, 0.00000000000000000, 500.00000000000000000, 249.08679199218750000, 0.00000000000000000, 0.00000000000000000, 0.00000000000000000, 1.00000000000000000, 0.00000000000000000], r: [0.99998056888580322, -0.00070273876190186, 0.00618672370910645, 0.00069785118103027, 0.99999940395355225, 0.00079572200775146, -0.00618731975555420, -0.00079143047332764, 0.99998044967651367]}
VGA Extrinsics left to right: {rotation: [0.99996924400329590, -0.00187492370605469, 0.00760471820831299, 0.00188696384429932, 0.99999690055847168, -0.00157690048217773, -0.00760173797607422, 0.00159120559692383, 0.99996984004974365], translation: [-49.71985244750976562, 0.00000000000000000, 0.00000000000000000]}
HD Intrinsics left: {width: [1280], height: [720], fx: [779.21356201171875000], fy: [779.10693359375000000], cx: [645.47534179687500000], cy: [357.78723144531250000], coeffs: [0.16429901123046875, -0.16687774658203125, 0.00037384033203125, -0.00006866455078125, 0.00000000000000000], p: [1011.00000000000000000, 0.00000000000000000, 641.50244140625000000, 0.00000000000000000, 0.00000000000000000, 1011.00000000000000000, 358.41308593750000000, 0.00000000000000000, 0.00000000000000000, 0.00000000000000000, 1.00000000000000000, 0.00000000000000000], r: [0.99997341632843018, -0.00519847869873047, 0.00510013103485107, 0.00520229339599609, 0.99998617172241211, -0.00072753429412842, -0.00509631633758545, 0.00075399875640869, 0.99998664855957031]}
HD Intrinsics right: {width: [1280], height: [720], fx: [779.08422851562500000], fy: [778.95617675781250000], cx: [640.70861816406250000], cy: [359.24826049804687500], coeffs: [0.15552520751953125, -0.14558792114257812, -0.00052261352539062, -0.00017929077148438, 0.00000000000000000], p: [1011.00000000000000000, 0.00000000000000000, 641.50244140625000000, -40840.87500000000000000, 0.00000000000000000, 1011.00000000000000000, 358.41308593750000000, 0.00000000000000000, 0.00000000000000000, 0.00000000000000000, 1.00000000000000000, 0.00000000000000000], r: [0.99999213218688965, -0.00326383113861084, -0.00220715999603271, 0.00326550006866455, 0.99999427795410156, 0.00073719024658203, 0.00220477581024170, -0.00074446201324463, 0.99999725818634033]}
HD Extrinsics left to right: {rotation: [0.99997138977050781, -0.00193130970001221, 0.00730252265930176, 0.00194215774536133, 0.99999690055847168, -0.00148868560791016, -0.00729966163635254, 0.00150275230407715, 0.99997222423553467], translation: [-49.85874557495117188, 0.00000000000000000, 0.00000000000000000]}
